morning migraine
104718923977076,0|2|416,2|1|972,0|0|1342,2|2|1898,0|2|2268,2|1|2453,0|0|2639,1|2|2824,2|0|3009,0|2|3379,2|1|3935,0|0|4305,2|2|4861,0|2|5231,2|1|5416,0|0|5602,1|2|5787,2|0|5879,0|1|5972,0|2|6018,1|2|6065,2|1|6111,2|0|6157,0|1|6250,2|0|6342,0|1|6435,2|1|6527,0|1|6620,2|2|6713,1|0|6805,0|2|6898,1|0|6990,1|2|7083,0|0|7176,2|1|7268,0|1|7361,2|2|7453,0|2|7546,2|1|7639,0|0|7731,1|2|7824,1|0|7916,2|2|8009,2|0|8102,1|2|8194,0|0|8287,2|1|8379,0|1|8472,2|0|8565,0|2|8657,2|1|8750,0|0|8842,1|2|8935,2|0|9027,0|1|9120,2|1|9212,0|1|9305,2|2|9398,1|0|9490,0|2|9583,1|0|9675,1|2|9768,0|0|9861,2|1|9953,0|1|10046,2|2|10138,0|2|10231,2|1|10324,0|0|10416,1|2|10509,1|0|10601,2|2|10694,2|0|10787,1|2|10879,0|0|10972,2|1|11064,0|1|11157,2|0|11250,0|2|11342,2|1|11435,0|0|11527,1|2|11620,1|0|11713,2|2|11805,0|1|11898,2|1|12083,0|0|12268,0|1|12315,2|0|12453,1|2|12639,0|2|12685,0|1|12731,2|1|12824,0|0|13009,1|0|13055,0|2|13194,2|0|13379,1|0|13426,2|2|13565,0|0|13750,1|0|13796,0|2|13935,2|1|14120,0|0|14305,0|2|14490,1|2|14537,2|0|14676,1|0|14722,0|2|14861,0|1|14907,2|2|15046,0|0|15231,0|1|15277,2|2|15416,1|0|15602,0|2|15787,1|0|15972,0|0|16018,1|2|16157,2|0|16342,0|1|16527,2|2|16713,2|1|16759,0|2|16898,2|0|17083,1|2|17268,0|2|17315,0|0|17453,1|0|17500,2|1|17546,2|2|17592,1|2|17639,0|1|17731,0|0|17824,2|1|17916,0|2|18009,1|0|18102,2|2|18194,1|2|18240,0|2|18287,0|1|18333,1|1|18379,2|1|18426,2|0|18472,0|0|18565,0|1|18611,0|2|18657,1|2|18703,1|1|18750,1|0|18796,2|0|18842,2|2|18935,0|2|19027,0|0|19120,1|0|19166,2|0|19213,2|1|19259,1|1|19305,0|1|19352,0|2|19398,2|2|19490,2|1|19537,2|0|19583,1|0|19629,0|0|19676,0|1|19722,0|2|19768,2|2|19861,2|1|19907,2|0|19953,1|0|20000,0|0|20046,0|1|20092,1|1|20139,2|1|20185,2|2|20231,1|2|20277,0|2|20324,0|0|20416,2|0|20509,2|2|20602,1|2|20648,0|2|20694,0|1|20740,1|1|20787,2|1|20833,2|0|20879,0|0|20972,0|1|21018,0|2|21065,1|2|21111,1|1|21157,1|0|21203,2|0|21250,2|2|21342,1|2|21389,0|2|21435,0|1|21481,0|0|21527,1|0|21574,1|1|21620,1|2|21666,2|2|21713,2|1|21759,2|0|21805,0|0|21898,0|2|21990,2|2|22083,2|1|22129,2|0|22176,1|0|22222,0|0|22268,0|1|22315,1|1|22361,2|1|22407,2|2|22453,1|2|22500,0|2|22546,0|0|22639,2|0|22731,2|2|22824,1|2|22870,0|2|22916,0|1|22963,1|1|23009,2|1|23055,2|0|23102,0|0|23194,0|1|23240,0|2|23287,1|2|23333,1|1|23379,1|0|23426,2|0|23472,2|1|23518,2|2|23565,1|2|23611,0|2|23657,0|0|23750,1|0|23796,0|2|23935,2|1|24120,2|0|24166,0|1|24305,2|2|24490,1|0|24676,0|2|24861,1|2|24907,0|0|25046,0|1|25092,2|1|25231,-0|0|25416,1|0|25463,2|2|25602,0|0|25787,0|1|25833,1|2|25879,2|2|25926,2|1|25972,0|0|26157,2|1|26342,2|2|26389,0|2|26527,0|1|26574,2|0|26713,2|1|26759,0|0|26898,1|2|27083,2|2|27129,1|0|27268,0|2|27453,2|1|27639,0|0|27824,0|1|27870,2|0|28009,2|1|28055,0|2|28194,2|-0|28379,1|0|28425,0|2|28564,2|0|28750,2|1|28796,0|2|28935,0|0|29120,0|1|29166,2|2|29305,2|1|29352,1|0|29398,0|0|29444,0|1|29490,1|2|29537,2|2|29583,2|0|29676,0|1|29768,2|1|29861,0|0|29953,1|2|30046,1|0|30139,0|2|30231,2|0|30324,0|1|30416,2|1|30509,0|0|30602,1|2|30694,1|0|30787,2|2|30879,0|1|30972,0|0|31018,1|0|31065,2|0|31111,2|1|31157,0|2|31250,1|0|31342,2|0|31389,2|1|31435,2|2|31481,1|2|31527,0|0|31620,2|1|31713,2|2|31759,1|2|31805,0|2|31852,0|1|31898,2|0|31990,1|2|32083,1|0|32176,2|2|32268,2|1|32315,2|0|32361,-0.2|2.2|32453,0.08|-0.25|32546,2.2|2.2|32639,1.92|-0.33|32731,0|2.25|32824,-0.2|-0.2|32916,2.42|2.25|33009,2.2|-0.2|33102,0.17|2.25|33195,-0.33|-0.25|33287,1.92|2.17|33380,1.92|-0.25|33472,-0.2|2.2|33565,0.17|-0.33|33657,2.2|2.2|33750,2.2|-0.2|33843,0.17|2.25|33936,-0.2|-0.2|34028,2.2|2.2|34121,1.92|-0.25|34213,-0.2|2.2|34306,-0.2|-0.2|34398,1.92|2.25|34491,2.2|-0.2|34584,0.25|2.33|34677,-0.2|-0.2|34769,2.2|2.2|34862,1.83|-0.33|34953,-0.17|2.25|35046,-0.2|-0.2|35138,2|2|35231,1.92|-0.17|35324,0|2|35417,0|0|35509,2|2|35602,1|0|35787,0|2|35972,2|1|36157,0|1|36342,-0|2|36389,1|2|36435,2|2|36481,2|1|36527,2|0|36574,1|0|36620,-0|2|36713,1|2|36759,2|1|36805,0|0|36898,0|1|36944,1|2|36990,2|0|37083,2|0|37129,0|1|37268,0|1|37315,2|1|37453,2|1|37500,0|2|37639,0|2|37685,1|0|37824,2|1|37870,2|2|37916,0|1|38009,0|1|38055,2|0|38194,2|0|38240,1|2|38379,1|2|38426,0|0|38565,0|0|38611,2|1|38750,2|2|38796,0|2|38935,0|1|38981,1|0|39027,2|0|39074,2|1|39120,0|2|39305,0|1|39352,1|0|39398,1|2|39490,1|2|39537,2|0|39676,2|0|39722,0|1|39861,0|1|39907,2|2|40046,2|1|40092,2|0|40139,1|0|40185,0|0|40231,0|1|40277,1|1|40324,2|1|40370,2|2|40416,1|2|40463,0|2|40509,0|0|40602,0|0|40648,2|1|40787,1|2|40833,0|2|40879,1|0|40972,1|0|41018,2|2|41157,2|2|41204,0|0|41342,0|0|41389,1|2|41527,1|2|41574,2|0|41713,2|0|41759,0|1|41898,0|1|41944,2|1|42083,2|1|42129,0|0|42268,0|1|42315,1|2|42361,2|0|42453,2|0|42500,0|1|42639,0|1|42685,2|2|42824,2|1|42870,2|0|42916,1|0|42963,0|0|43009,0|1|43055,1|1|43102,2|1|43148,2|2|43194,1|2|43240,0|2|43287,0|0|43379,2|0|43472,2|2|43565,0|2|43657,0|0|43750,1|0|43796,2|0|43842,2|1|43889,2|2|43935,1|2|43981,1|1|44027,1|0|44074,0|0|44120,0|1|44166,0|2|44213,2|2|44305,2|2|44352,1|0|44490,1|0|44537,0|2|44676,0|2|44722,2|1|44861,2|1|44907,0|1|45046,0|1|45092,2|0|45231,2|1|45277,1|2|45324,0|0|45416,2|0|45509,2|2|45602,0|2|45694,0|0|45787,1|0|45833,2|0|45879,2|1|45926,2|2|45972,1|2|46018,1|1|46065,1|0|46111,0|0|46157,0|1|46203,0|2|46250,2|2|46342,2|1|46389,2|0|46435,0|0|46527,0|2|46620,2|2|46713,2|1|46759,2|0|46805,0|0|46898,0|2|46990,2|2|47083,2|1|47129,2|0|47176,1|0|47222,1|1|47268,1|2|47315,0|2|47361,0|1|47407,0|0|47453,1|0|47500,2|0|47546,2|2|47639,1|2|47685,0|2|47731,0|0|47824,1|0|47870,2|1|47916,0|2|48009,0|1|48055,1|0|48102,2|2|48194,2|2|48240,0|2|48287,0|2|48333,2|1|48379,2|1|48426,0|0|48565,0|1|48611,1|2|48657,2|0|48750,1|0|48796,0|1|48842,2|2|48935,2|2|48981,1|0|49120,1|0|49166,0|2|49305,0|2|49352,2|1|49490,2|1|49537,0|0|49676,0|1|49722,1|2|49768,2|0|49861,2|0|49907,0|1|50046,0|1|50092,2|1|50231,2|1|50277,0|0|50416,1|2|50602,2|0|50787,1|0|50833,0|1|50879,2|2|50972,2|1|51018,1|0|51065,0|2|51157,1|2|51203,2|2|51250,2|1|51296,2|0|51342,0|1|51435,0|2|51481,1|2|51527,2|2|51574,2|1|51620,0|0|51713,0|1|51759,0|2|51805,1|2|51852,2|2|51898,2|1|51944,1|1|51990,0|1|52037,0|0|52083,1|0|52129,2|0|52176,2|2|52268,0|2|52639,0|1|52685,0|0|52731,1|2|52824,2|0|53009,0|1|53194,2|1|53379,0|0|53565,0|2|53750,2|2|53935,2|0|54120,1|0|54166,0|1|54213,2|2|54305,1|0|54490,0|2|54676,1|2|54722,2|2|54768,2|1|54815,2|0|54861,1|0|54907,1|1|54953,1|2|55000,0|2|55046,0|1|55092,0|0|55139,2|0|55231,2|2|55324,0|2|55416,0|0|55509,2|0|55602,2|1|55648,2|2|55694,1|2|55740,0|2|55787,1|0|55972,2|2|56157,0|1|56342,2|1|56527,0|0|56713,1|2|56898,2|0|57083,1|0|57129,0|0|57176,2|1|57268,0|2|57453,1|0|57824,2|2|58935,0|1|59676,2|1|60416,0|2|60787,0|1|60833,0|0|60879,1|0|60926,2|0|60972,2|1|61018,1|1|61065,0|1|61111,0|2|61157,1|2|61203,2|2|61250,2|0|61342,0|0|61527,0|1|61574,0|2|61713,0|1|61759,2|0|61898,2|1|61944,2|2|61990,1|2|62037,0|2|62083,0|1|62129,1|1|62176,2|1|62222,2|0|62268,1|0|62314,0|0|62361,0|2|62453,2|2|62638,2|1|62685,2|0|62824,2|1|62870,0|1|63009,0|0|63055,1|0|63102,1|2|63194,0|2|63240,0|0|63379,1|0|63426,1|2|63565,0|2|63611,-0|0|63750,1|0|63796,2|-0|63842,2|1|63889,2|2|63935,1|2|63981,1|1|64028,1|0|64074,-0|0|64120,0|1|64166,0|2|64213,2|2|64305,2|-0|64490,1|0|64537,-0|0|64676,1|0|64722,2|2|64861,1|2|64907,0|2|64953,0|1|65000,0|0|65046,1|0|65092,1|1|65139,1|2|65185,2|2|65231,2|1|65277,2|0|65324,0|0|65416,0|2|65601,1|2|65648,2|2|65787,1|2|65833,1|0|65972,2|0|66018,2|1|66065,0|1|66157,2|0|66250,1|2|66342,1|0|66435,0|2|66527,2|1|66620,0|1|66713,2|2|66898,0|0|67083,1|2|67268,2|0|67453,1|0|67500,0|1|67546,2|2|67639,1|0|67824,1|2|68009,0|0|68194,2|2|68379,0|1|68565,2|1|68750,0|2|68935,0|1|68981,0|0|69027,1|0|69074,2|0|69120,2|2|69213,0|2|69305,0|1|69352,1|0|69398,2|0|69444,2|1|69490,1|2|69537,0|2|69583,0|0|69676,1|0|69722,2|0|69768,2|1|69815,1|1|69861,0|1|69907,0|2|69953,1|2|70000,2|2|70046,2|1|70092,2|0|70139,1|0|70185,0|0|70231,0|2|70324,2|2|70416,2|1|70463,2|0|70509,1|0|70555,1|1|70602,1|2|70648,0|2|70694,0|0|70787,1|0|70833,2|1|70879,0|1|70972,2|2|71065,1|0|71157,0|2|71250,2|1|71342,0|0|71435,1|2|71527,1|1|71574,1|0|71620,2|2|71713,0|1|71805,2|0|71898,1|2|71990,0|0|72083,2|1|72176,0|2|72268,0|1|72315,0|0|72361,1|0|72407,1|1|72453,1|2|72500,2|2|72546,2|0|72639,0|1|75231,0|2|75277,2|1|75602,0|1|75972,-0|0|76018,2|1|76157,0|2|76342,0|1|76435,1|0|76527,1|2|76713,0|2|76759,1|0|76898,2|0|76944,2|2|77083,1|0|77268,0|0|77315,0|2|77453,1|0|77639,2|0|77685,2|2|77824,0|1|78009,2|1|78194,2|2|78240,1|2|78287,1|0|78379,0|2|78565,2|2|78935,2|1|78981,0|2|79120,1|0|79305,2|1|79398,2|2|79490,1|0|79676,2|0|79722,2|2|79861,1|0|80046,0|0|80092,0|2|80231,1|0|80416,2|0|80463,2|2|80602,1|2|80694,0|1|80787,2|0|80972,1|2|81157,1|0|81342,0|2|81527,2|1|81898,2|0|81944,0|1|82083,2|2|82268,2|1|82361,1|0|82453,0|2|82639,1|2|82685,0|0|82824,1|2|83009,2|0|83194,0|1|83379,0|2|83426,2|1|83565,0|0|83750,2|0|83935,0|1|84120,0|2|84166,2|0|84305,1|0|84352,2|2|84490,0|0|84676,1|0|84722,0|2|84861,2|0|85046,1|0|85092,2|2|85231,0|0|85416,1|0|85463,0|2|85602,2|0|85787,1|0|85833,2|2|85972,0|0|86157,2|1|86342,0|1|86527,2|0|86713,2|1|86759,0|2|86898,1|0|87083,0|0|87129,1|2|87268,2|0|87453,0|1|87639,2|1|87824,1|0|87870,0|0|87916,1|2|88009,2|0|88194,1|0|88240,0|1|88287,2|2|88379,1|0|88565,0|0|88611,0|2|88750,1|2|88796,1|0|88935,0|2|89120,1|2|89166,2|1|89213,0|0|89305,2|2|89490,1|2|89537,0|1|89583,2|0|89676,1|2|89861,0|0|90046,1|0|90092,2|1|90139,0|2|90231,1|0|90416,1|2|90602,2|0|90787,2|1|90833,2|2|90879,1|0|90972,0|2|91157,1|2|91203,2|2|91250,2|1|91296,2|0|91342,1|0|91389,0|0|91435,0|2|91527,1|2|91574,2|2|91620,0|1|91713,0|0|91759,2|0|91898,0|1|92083,0|2|92129,2|2|92268,0|1|92453,0|0|92500,2|0|92639,1|2|92824,0|0|93009,1|0|93102,2|1|93194,0|2|93379,0|1|93426,1|0|93472,2|2|93565,0|0|93750,0|1|93796,1|2|93842,2|0|93935,0|1|94120,0|2|94166,1|2|94213,2|2|94259,2|1|94305,2|0|94352,0|0|94490,0|1|94537,0|2|94583,1|0|94676,2|2|94861,0|1|95046,2|0|95231,2|1|95277,1|2|95324,0|0|95416,2|1|95602,0|2|95787,1|0|95972,2|1|96018,2|2|96065,0|1|96157,2|0|96342,2|1|96389,1|2|96435,0|0|96527,2|1|96713,0|2|96898,0|1|96944,1|0|96990,2|2|97083,0|1|97268,2|0|97453,2|1|97500,1|2|97546,0|0|97639,0|2|97824,1|0|98009,2|1|98055,2|2|98102,0|1|98240,2|0|98379,1|2|98565,0|1|98611,0|0|98657,2|1|98750,-0|2|98935,1|0|99120,2|2|100787,2|2|100833,0|1|100972,0|1|101018,2|1|101157,2|1|101203,0|2|101342,0|2|101388,1|0|101527,1|0|101573,2|2|101898,2|2|101944,0|1|102083,0|1|102129,2|0|102268,2|1|102315,1|2|102361,0|2|102407,0|1|102453,2|1|102546,0|2|102639,1|0|102731,1|2|102824,0|0|102916,2|1|103009,1|1|103055,0|1|103102,2|2|103194,1|0|103287,0|2|103379,2|1|103472,0|0|103565,1|2|103657,1|0|103750,0|2|103842,2|0|103935,0|1|104027,2|2|104120,2|1|104166,2|0|104213,1|0|104259,0|0|104305,1|2|104398,2|0|104490,1|0|104537,0|0|104583,0|2|104676,1|2|104722,2|2|104768,2|0|104861,1|0|104907,0|0|104953,0|1|105000,1|1|105046,2|1|105092,2|2|105139,0|2|105231,0|0|105324,2|0|105416,2|2|105509,0|1|105602,2|0|105694,1|2|105787,0|0|105879,2|1|105972,1|2|106018,0|2|106065,1|0|106157,2|2|106250,0|1|106342,2|1|106435,0|0|106527,1|2|106620,2|0|106713,0|1|106805,2|2|106898,2|1|106944,2|0|106990,0|0|107083,0|1|107129,0|2|107176,2|2|107268,2|1|107315,2|0|107361,0|0|107453,0|1|107500,0|2|107546,1|2|107592,2|2|107639,2|0|107731,0|0|107824,0|1|107870,0|2|107916,2|2|108009,2|1|108055,2|0|108102,1|0|108148,0|0|108194,0|1|108240,1|1|108287,2|1|108333,2|2|108379,1|2|108426,0|2|108472,0|0|108565,2|0|108657,2|2|108750,0|2|108842,0|0|108935,1|0|108981,2|0|109027,2|1|109074,2|2|109120,1|2|109166,1|1|109213,1|0|109259,0|0|109305,0|1|109352,0|2|109398,2|1|109490,0|0|109583,1|2|109676,2|0|109768,0|2|109861,1|0|109953,2|2|110046,1|2|110092,0|2|110139,0|1|110185,0|0|110231,2|1|110324,0|2|110416,0|1|110463,0|0|110509,1|0|110555,2|0|110602,2|1|110648,1|1|110694,0|1|110740,0|2|110787,1|2|110833,2|2|110879,2|0|110972,1|0|111018,0|0|111065,0|1|111111,0|2|111157,1|2|111203,1|1|111250,1|0|111296,2|0|111342,2|1|111389,2|2|111435,0|2|111527,0|1|111574,0|0|111620,1|0|111666,2|0|111713,2|1|111759,1|1|111805,0|1|111852,0|2|111898,1|2|111944,2|2|111990,2|1|112037,2|0|112083,1|0|112129,0|0|112176,0|2|112268,2|2|112361,2|0|112453,0|0|112546,0|2|112639,2|2|112731,2|0|112824,0|0|112916,0|2|113009,1|2|113055,2|2|113102,2|0|113194,1|0|113240,0|0|113287,0|2|113379,0|2|113426,2|2|113472,2|2|113518,2|0|113565,2|0|113611,0|0|113657,0|0|113703,0|2|113750,1|2|113796,2|2|113842,2|0|113935,1|0|113981,0|0|114027,0|1|114074,0|2|114120,2|1|114305,0|0|114490,0|0|114537,0|1|114583,2|0|114676,1|2|114861,1|1|114907,1|0|114953,0|2|115046,0|2|115092,1|2|115139,0|0|115231,2|1|115416,0|2|115602,1|0|115787,2|2|115972,1|2|116018,0|2|116065,0|1|116111,0|0|116157,1|0|116203,2|0|116250,2|2|116342,1|2|116389,0|2|116435,0|1|116481,0|0|116527,2|1|116713,0|2|116898,1|0|117083,1|2|117268,0|0|117453,2|2|117639,2|0|117824,2|0|117870,1|0|117916,2|2|118009,0|1|118194,2|0|118379,1|2|118565,0|0|118750,1|0|118796,2|0|118842,2|2|118935,1|2|118981,0|2|119027,0|0|119120,1|0|119166,2|0|119213,2|2|119305,1|2|119352,0|2|119398,0|1|119444,0|0|119490,1|0|119537,1|1|119583,1|2|119629,2|2|119676,2|1|119722,2|0|119768,0|0|119861,0|1|119907,0|2|119953,1|2|120000,2|2|120046,2|1|120092,1|1|120139,0|1|120185,0|0|120231,1|0|120277,1|1|120324,1|2|120370,2|2|120416,2|1|120463,2|0|120509,1|0|120555,0|0|120602,0|1|120648,1|1|120694,2|1|120740,2|2|120787,1|2|120833,0|2|120879,0|1|120926,0|0|120972,1|0|121018,1|1|121065,1|2|121111,2|2|121157,2|1|121203,2|0|121250,1|0|121296,0|0|121342,0|1|121389,1|1|121435,2|1|121481,2|2|121527,1|2|121574,0|2|121620,0|1|121666,0|0|121713,1|0|121759,1|1|121805,1|2|121852,2|2|121898,2|1|121944,2|0|121990,1|0|122037,0|0|122083,0|2|122268,2|1|122453,0|0|122639,1|2|123009,2|0|124120,0|2|124861,2|1|125602,0|0|125972,0|1|126018,0|2|126065,2|0|126157,2|1|126203,2|2|126250,-0.2|-0.2|126342,0.08|1|126389,0.33|2.25|126435,2.2|-0.2|126527,2.08|1|126574,2|2.25|126620,0|0|126713,0|0|126759,2|1|126898,2|1|126944,0|2|127083,0|1|127129,0|0|127176,2|2|127268,2|1|127314,2|0|127361,-0.2|2.2|127453,0.08|1|127500,0.33|-0.25|127546,2.2|2.2|127638,2.08|1|127685,2|-0.25|127731,0|2|127824,0|2|127870,2|1|128009,2|1|128055,0|0|128194,0|0|128240,0|1|128287,1|2|128333,2|0|128379,1|0|128426,2|2|128565,1|2|128611,2|0|128750,1|0|128796,2|2|128935,1|2|128981,-0|2|129028,2|0|129120,1|0|129166,0|0|129213,2.2|2.2|129305,1|1.92|129352,-0.25|1.67|129398,2.2|-0.2|129490,1|-0.08|129537,-0.25|0|129583,2|2|129676,2|2|129722,1|0|129861,1|0|129907,0|2|130046,0|1|130092,0|0|130139,2|2|130231,2|1|130277,2|0|130324,-0.2|2.2|130416,0.08|1|130463,0.33|-0.25|130509,2.2|2.2|130601,2.08|1|130648,2|-0.25|130694,0|2|130787,0|2|130833,2|1|130972,2|1|131018,0|0|131157,1|2|131342,1|2|131389,1|0|131435,1|0|131482,2|2|131527,2|2|131574,0|1|131620,0|1|131667,2|1|131713,2|1|131760,0|2|131805,0|2|131852,1|0|131898,1|2|131990,2|0|132083,0|1|132176,2|1|132268,0|2|132361,2|2|132453,0|1|132546,2|1|132639,0|0|132731,1|2|132824,2|0|132916,0|1|133009,2|1|133102,0|2|133194,1|0|133287,1|2|133379,0|0|133472,2|1|133565,0|1|133657,2|2|133750,0|1|133842,2|1|133935,0|2|134027,1|0|134120,1|2|134213,0|0|134305,1|0|134352,2|0|134398,2|2|134490,1|2|134537,0|2|134583,0|1|134629,0|0|134676,2|0|134768,2|2|134861,1|2|134907,0|2|134953,0|1|135000,0|0|135046,1|0|135092,1|1|135139,1|2|135185,2|2|135231,2|1|135277,2|0|135324,1|0|135370,0|0|135416,0|1|135463,0|2|135509,2|2|135602,2|1|135648,2|0|135694,1|0|135740,0|0|135787,0|1|135833,0|2|135879,2|2|135972,2|1|136018,2|0|136065,1|0|136111,1|1|136157,1|2|136203,0|2|136250,0|1|136296,0|0|136342,1|0|136389,2|0|136435,2|1|136481,2|2|136527,1|2|136574,0|2|136620,0|0|136713,1|0|136759,2|0|136805,2|1|136852,1|1|136898,0|1|136944,0|2|136990,1|2|137037,2|2|137083,2|1|137129,2|0|137176,1|0|137222,0|0|137268,0|1|137315,0|2|137361,2|2|137453,2|0|137639,0|1|138194,2|1|138565,0|0|139120,1|2|139490,2|0|139676,0|2|140046,1|0|141157,2|2|141527,0|1|142083,2|1|142361,0|2|142639,1|0|143009,2|2|144120,0|1|144490,2|0|144861,0|0|145231,2|1|145416,0|1|145787,2|2|146527,1|0|146898,0|2|147268,2|1|148009,0|0|148379,1|2|148750,0|0|149676,0|0.5|149699,0|1|149722,0|1.5|149745,0|2|149768,2|0|149861,2|0.5|149884,2|1|149907,2|1.5|149930,2|2|149953,0|0|150046,0.5|0|150069,1|0|150092,1.5|0|150115,2|0|150139,0|2|150231,0.5|2|150254,1|2|150277,1.5|2|150300,2|2|150324,0|0|150416,0|0.5|150439,0|1|150463,0|1.5|150486,0|2|150509,2|0|150602,2|0.5|150625,2|1|150648,2|1.5|150671,2|2|150694,0|0|150787,0|0.5|150810,0|1|150834,0|1.5|150857,0|2|150880,2|0|150973,2|0.5|150996,2|1|151019,2|1.5|151042,2|2|151065,0|0|151157,0|0|151203,2|1|151342,2|1|151388,0|1|151527,0|1|151573,2|0|151712,2|0|151758,1|2|151897,1|2|151943,0|0|152268,0|0|152314,2|1|152453,2|1|152499,0|2|152638,0|1|152685,1|0|152731,2|0|152777,2|1|152823,0|1|152916,2|0|153009,1|2|153101,1|0|153194,2|2|153286,0|1|153379,1|1|153425,2|1|153472,0|0|153564,1|2|153657,2|0|153749,0|1|153842,2|2|153935,1|0|154027,1|2|154120,2|0|154212,0|2|154305,2|1|154397,0|0|154490,0|1|154536,0|2|154583,1|2|154629,2|2|154675,1|0|154768,0|2|154860,1|2|154907,2|2|154953,2|0|155046,1|0|155092,0|0|155138,0|2|155231,1|2|155277,2|2|155323,2|1|155370,1|1|155416,0|1|155462,0|0|155509,2|0|155601,2|2|155694,0|2|155786,0|0|155879,2|1|155972,0|2|156064,1|0|156157,2|2|156249,0|1|156342,1|0|156388,2|0|156435,1|2|156527,0|0|156620,2|1|156712,0|1|156805,2|2|156897,1|0|156990,0|2|157083,2|1|157175,0|0|157268,0|1|157314,0|2|157360,2|2|157453,2|1|157499,2|0|157546,0|0|157638,0|1|157685,0|2|157731,2|2|157823,2|1|157870,2|0|157916,1|0|157962,0|0|158009,0|2|158101,2|2|158194,2|1|158240,2|0|158286,0|0|158379,0|1|158425,0|2|158472,1|2|158518,2|2|158564,2|1|158610,1|1|158657,0|1|158703,0|0|158749,1|0|158796,2|0|158842,2|2|158935,0|2|159027,0|0|159120,2|0|159212,2|2|159305,1|2|159351,0|2|159397,0|1|159444,0|0|159490,1|0|159536,1|1|159583,1|2|159629,2|2|159675,2|1|159722,2|0|159768,0|1|159860,2|2|159953,1|0|160046,0|2|160138,2|0|160231,1|2|160323,0|0|160416,1|0|160462,2|0|160509,2|1|160555,2|2|160601,0|1|160694,2|0|160786,2|1|160833,2|2|160879,1|2|160925,0|2|160972,0|1|161018,1|1|161064,2|1|161110,2|0|161157,1|0|161203,0|0|161249,0|2|161342,1|2|161388,2|2|161435,2|1|161481,2|0|161527,1|0|161573,1|1|161620,1|2|161666,0|2|161712,0|1|161759,0|0|161805,2|0|161897,2|1|161944,2|2|161990,1|2|162036,0|2|162083,0|1|162129,1|1|162175,2|1|162222,2|0|162268,1|0|162314,0|0|162360,0|1|162407,0|2|162453,1|2|162499,2|2|162546,2|0|162638,0|0|162731,0|2|162823,2|2|162916,2|0|163009,0|0|163101,0|2|163194,2|2|163286,2|0|163379,1|0|163425,0|0|163472,0|2|163564,1|2|163610,2|2|163657,2|0|163749,2|0|163796,0|0|163842,0|0|163888,0|2|163935,0|2|163981,2|2|164027,2|2|164073,2|0|164120,1|0|164166,0|0|164212,0|2|164305,1|2|164351,2|2|164397,2|1|164444,2|0|164490,0|1|164675,2|2|164860,2|2|164907,2|1|164953,0|2|165046,1|0|165231,1|1|165277,1|2|165323,2|0|165416,2|0|165462,1|0|165509,2|2|165601,0|1|165786,2|0|165972,1|2|166157,0|0|166342,1|0|166388,2|0|166435,2|1|166481,2|2|166527,1|2|166573,0|2|166620,0|0|166712,1|0|166759,2|0|166805,2|1|166851,2|2|166897,0|1|167083,2|0|167268,1|2|167453,1|0|167638,2|2|167823,0|0|168009,0|2|168194,0|2|168240,1|2|168286,0|0|168379,2|1|168564,0|2|168749,1|0|168935,2|2|169120,1|2|169166,0|2|169212,0|0|169305,1|0|169351,2|0|169397,2|2|169490,1|2|169536,0|2|169583,0|0|169675,1|0|169722,2|0|169768,2|1|169814,2|2|169860,1|2|169907,1|1|169953,1|0|169999,0|0|170046,0|1|170092,0|2|170138,2|2|170231,2|1|170277,2|0|170324,0|1|170416,1|1|170463,2|1|170509,0|0|170602,2|2|170694,0|2|170787,2|1|170879,0|0|170972,1|0|171018,2|0|171064,0|1|171157,2|1|171250,0|2|171342,1|0|171435,2|2|171527,2|1|171574,2|0|171620,0|2|171713,2|1|171805,0|0|171898,2|2|171990,0|1|172083,1|1|172129,2|1|172176,0|2|172268,2|0|172361,1|2|172453,0|0|172546,2|1|172639,1|1|172685,0|1|172731,2|2|172824,2|0|172916,1|2|173009,1|1|173055,1|0|173102,0|2|173194,2|1|173287,0|0|173379,0|1|173426,0|2|173472,1|0|173565,2|2|173657,0|1|173750,2|0|173842,1|2|173935,1|1|173981,1|0|174027,0|2|174120,2|1|174213,0|0|174305,1|2|174398,2|0|174490,2|1|174537,2|2|174583,1|0|174676,1|2|174768,0|0|174861,2|1|174953,0|2|175046,1|2|175092,2|2|175139,0|1|175231,2|0|175324,1|2|175416,0|0|175509,2|1|175602,1|1|175648,0|1|175694,2|2|175787,1|0|175879,0|2|175972,0|1|176018,0|0|176065,1|2|176157,2|0|176250,0|0|176342,0|1|176388,0|2|176435,2|0|176527,2|1|176573,2|2|176620,-0.2|-0.2|176712,0.08|1|176759,0.33|2.25|176805,2.2|-0.2|176897,2.08|1|176944,2|2.25|176990,0|0|177083,0|0|177129,2|1|177268,2|1|177314,0|2|177453,0|1|177499,0|0|177546,2|2|177638,2|1|177684,2|0|177731,-0.2|2.2|177823,0.08|1|177870,0.33|-0.25|177916,2.2|2.2|178008,2.08|1|178055,2|-0.25|178101,0|2|178194,0|2|178240,2|1|178379,2|1|178425,0|0|178564,0|0|178610,0|1|178657,1|2|178703,2|0|178749,1|0|178796,2|2|178935,1|2|178981,2|0|179120,1|0|179166,2|2|179305,1|2|179351,-0|2|179398,2|0|179490,1|0|179536,0|0|179583,2.2|2.2|179675,1|1.92|179722,-0.25|1.67|179768,2.2|-0.2|179860,1|-0.08|179907,-0.25|0|179953,2|2|180046,2|2|180092,1|0|180231,1|0|180277,0|2|180416,0|1|180462,0|0|180509,2|2|180601,2|1|180647,2|0|180694,-0.2|2.2|180786,0.08|1|180833,0.33|-0.25|180879,2.2|2.2|180971,2.08|1|181018,2|-0.25|181064,0|2|181157,0|2|181203,2|1|181342,2|1|181388,0|0|181527,1|2|181712,1|2|181759,1|0|181805,1|0|181852,2|2|181897,2|2|181944,0|1|181990,0|1|182037,2|1|182083,2|1|182130,0|2|182175,0|2|182222,1|0|182268,1|2|182360,2|0|182453,0|1|182546,2|1|182638,0|2|182731,2|2|182823,0|1|182916,2|1|183009,0|0|183101,1|2|183194,2|0|183286,0|1|183379,2|1|183472,0|2|183564,1|0|183657,1|2|183749,0|0|183842,2|1|183935,0|1|184027,2|2|184120,0|1|184212,2|1|184305,0|2|184397,1|0|184490,1|2|184583,0|0|184675,1|0|184722,2|0|184768,2|2|184860,1|2|184907,0|2|184953,0|1|184999,0|0|185046,2|0|185138,2|2|185231,1|2|185277,0|2|185323,0|1|185370,0|0|185416,1|0|185462,1|1|185509,1|2|185555,2|2|185601,2|1|185647,2|0|185694,1|0|185740,0|0|185786,0|1|185833,0|2|185879,2|2|185972,2|1|186018,2|0|186064,1|0|186110,0|0|186157,0|1|186203,0|2|186249,2|2|186342,2|1|186388,2|0|186435,1|0|186481,1|1|186527,1|2|186573,0|2|186620,0|1|186666,0|0|186712,1|0|186759,2|0|186805,2|1|186851,2|2|186897,1|2|186944,0|2|186990,0|0|187083,1|0|187129,2|0|187175,2|1|187222,1|1|187268,0|1|187314,0|2|187360,1|2|187407,2|2|187453,2|1|187499,2|0|187546,1|0|187592,0|0|187638,0|1|187685,0|2|187731,2|2|187823,2|0|188009,0|0|188194,0|1|188565,2|1|189120,2|2|189490,0|2|190046,1|0|190416,2|0|190602,2|1|190787,1|1|190972

















